uri,scols,srows,wcols,wrows,coff,roff,aa,eye,windowDistance,vx,vy,vz,windowHeight,shapeCount,rows,windowWidth,cols,lightCount,nmethods,opTime,nblocks,ninsts,ts,bodySize,duration
/raytracer,400,300,100,100,0,0,false,[0.0 30.0 -200.0],1.0,(-0.9999999999999999 0.0 0.0),(0.0 0.9805806756909201 0.19611613513818402),(-0.0 0.19611613513818404 -0.9805806756909202),0.6840402866513374,5,300.0,0.8975983604009242,400.0,3,0,0,0,0,2024-05-30T22:19:14.286909406Z,1393,273124267
/raytracer,400,300,100,300,0,0,false,[0.0 30.0 -200.0],1.0,(-0.9999999999999999 0.0 0.0),(0.0 0.9805806756909201 0.19611613513818402),(-0.0 0.19611613513818404 -0.9805806756909202),0.6840402866513374,5,300.0,0.8975983604009242,400.0,3,0,0,0,0,2024-05-30T22:19:14.548117671Z,1389,188112387
/raytracer,400,300,100,500,0,0,false,[0.0 30.0 -200.0],1.0,(-0.9999999999999999 0.0 0.0),(0.0 0.9805806756909201 0.19611613513818402),(-0.0 0.19611613513818404 -0.9805806756909202),0.6840402866513374,5,300.0,0.8975983604009242,400.0,3,0,0,0,0,2024-05-30T22:19:14.764527682Z,1395,148041798
/raytracer,400,300,100,700,0,0,false,[0.0 30.0 -200.0],1.0,(-0.9999999999999999 0.0 0.0),(0.0 0.9805806756909201 0.19611613513818402),(-0.0 0.19611613513818404 -0.9805806756909202),0.6840402866513374,5,300.0,0.8975983604009242,400.0,3,0,0,0,0,2024-05-30T22:19:14.983960867Z,1395,156451598
/raytracer,400,300,100,900,0,0,false,[0.0 30.0 -200.0],1.0,(-0.9999999999999999 0.0 0.0),(0.0 0.9805806756909201 0.19611613513818402),(-0.0 0.19611613513818404 -0.9805806756909202),0.6840402866513374,5,300.0,0.8975983604009242,400.0,3,0,0,0,0,2024-05-30T22:19:15.253693681Z,1393,196515201
/raytracer,400,300,300,100,0,0,false,[0.0 30.0 -200.0],1.0,(-0.9999999999999999 0.0 0.0),(0.0 0.9805806756909201 0.19611613513818402),(-0.0 0.19611613513818404 -0.9805806756909202),0.6840402866513374,5,300.0,0.8975983604009242,400.0,3,0,0,0,0,2024-05-30T22:19:15.428430229Z,1398,114260399
/raytracer,400,300,300,300,0,0,false,[0.0 30.0 -200.0],1.0,(-0.9999999999999999 0.0 0.0),(0.0 0.9805806756909201 0.19611613513818402),(-0.0 0.19611613513818404 -0.9805806756909202),0.6840402866513374,5,300.0,0.8975983604009242,400.0,3,0,0,0,0,2024-05-30T22:19:15.769205918Z,1393,277764210
/raytracer,400,300,300,500,0,0,false,[0.0 30.0 -200.0],1.0,(-0.9999999999999999 0.0 0.0),(0.0 0.9805806756909201 0.19611613513818402),(-0.0 0.19611613513818404 -0.9805806756909202),0.6840402866513374,5,300.0,0.8975983604009242,400.0,3,0,0,0,0,2024-05-30T22:19:16.178081554Z,1387,337743502
/raytracer,400,300,300,700,0,0,false,[0.0 30.0 -200.0],1.0,(-0.9999999999999999 0.0 0.0),(0.0 0.9805806756909201 0.19611613513818402),(-0.0 0.19611613513818404 -0.9805806756909202),0.6840402866513374,5,300.0,0.8975983604009242,400.0,3,0,0,0,0,2024-05-30T22:19:16.718215561Z,1392,470857014
/raytracer,400,300,300,900,0,0,false,[0.0 30.0 -200.0],1.0,(-0.9999999999999999 0.0 0.0),(0.0 0.9805806756909201 0.19611613513818402),(-0.0 0.19611613513818404 -0.9805806756909202),0.6840402866513374,5,300.0,0.8975983604009242,400.0,3,0,0,0,0,2024-05-30T22:19:17.361667697Z,1386,580587814
/raytracer,400,300,500,100,0,0,false,[0.0 30.0 -200.0],1.0,(-0.9999999999999999 0.0 0.0),(0.0 0.9805806756909201 0.19611613513818402),(-0.0 0.19611613513818404 -0.9805806756909202),0.6840402866513374,5,300.0,0.8975983604009242,400.0,3,0,0,0,0,2024-05-30T22:19:17.552117826Z,1392,121278947
/raytracer,400,300,500,300,0,0,false,[0.0 30.0 -200.0],1.0,(-0.9999999999999999 0.0 0.0),(0.0 0.9805806756909201 0.19611613513818402),(-0.0 0.19611613513818404 -0.9805806756909202),0.6840402866513374,5,300.0,0.8975983604009242,400.0,3,0,0,0,0,2024-05-30T22:19:17.971171162Z,1388,346739759
/raytracer,400,300,500,500,0,0,false,[0.0 30.0 -200.0],1.0,(-0.9999999999999999 0.0 0.0),(0.0 0.9805806756909201 0.19611613513818402),(-0.0 0.19611613513818404 -0.9805806756909202),0.6840402866513374,5,300.0,0.8975983604009242,400.0,3,0,0,0,0,2024-05-30T22:19:18.568596448Z,1401,532266659
/raytracer,400,300,500,700,0,0,false,[0.0 30.0 -200.0],1.0,(-0.9999999999999999 0.0 0.0),(0.0 0.9805806756909201 0.19611613513818402),(-0.0 0.19611613513818404 -0.9805806756909202),0.6840402866513374,5,300.0,0.8975983604009242,400.0,3,0,0,0,0,2024-05-30T22:19:19.382525179Z,1400,745333536
/raytracer,400,300,500,900,0,0,false,[0.0 30.0 -200.0],1.0,(-0.9999999999999999 0.0 0.0),(0.0 0.9805806756909201 0.19611613513818402),(-0.0 0.19611613513818404 -0.9805806756909202),0.6840402866513374,5,300.0,0.8975983604009242,400.0,3,0,0,0,0,2024-05-30T22:19:20.410225206Z,1394,951140484
/raytracer,400,300,700,100,0,0,false,[0.0 30.0 -200.0],1.0,(-0.9999999999999999 0.0 0.0),(0.0 0.9805806756909201 0.19611613513818402),(-0.0 0.19611613513818404 -0.9805806756909202),0.6840402866513374,5,300.0,0.8975983604009242,400.0,3,0,0,0,0,2024-05-30T22:19:20.644953819Z,1389,162941924
/raytracer,400,300,700,300,0,0,false,[0.0 30.0 -200.0],1.0,(-0.9999999999999999 0.0 0.0),(0.0 0.9805806756909201 0.19611613513818402),(-0.0 0.19611613513818404 -0.9805806756909202),0.6840402866513374,5,300.0,0.8975983604009242,400.0,3,0,0,0,0,2024-05-30T22:19:21.158629467Z,1399,449234020
/raytracer,400,300,700,500,0,0,false,[0.0 30.0 -200.0],1.0,(-0.9999999999999999 0.0 0.0),(0.0 0.9805806756909201 0.19611613513818402),(-0.0 0.19611613513818404 -0.9805806756909202),0.6840402866513374,5,300.0,0.8975983604009242,400.0,3,0,0,0,0,2024-05-30T22:19:21.983203546Z,1401,738962402
/raytracer,400,300,700,700,0,0,false,[0.0 30.0 -200.0],1.0,(-0.9999999999999999 0.0 0.0),(0.0 0.9805806756909201 0.19611613513818402),(-0.0 0.19611613513818404 -0.9805806756909202),0.6840402866513374,5,300.0,0.8975983604009242,400.0,3,0,0,0,0,2024-05-30T22:19:23.089469574Z,1395,1038339291
/raytracer,400,300,700,900,0,0,false,[0.0 30.0 -200.0],1.0,(-0.9999999999999999 0.0 0.0),(0.0 0.9805806756909201 0.19611613513818402),(-0.0 0.19611613513818404 -0.9805806756909202),0.6840402866513374,5,300.0,0.8975983604009242,400.0,3,0,0,0,0,2024-05-30T22:19:24.482073074Z,1394,1312067653
/raytracer,400,300,900,100,0,0,false,[0.0 30.0 -200.0],1.0,(-0.9999999999999999 0.0 0.0),(0.0 0.9805806756909201 0.19611613513818402),(-0.0 0.19611613513818404 -0.9805806756909202),0.6840402866513374,5,300.0,0.8975983604009242,400.0,3,0,0,0,0,2024-05-30T22:19:24.746006194Z,1390,190820906
/raytracer,400,300,900,300,0,0,false,[0.0 30.0 -200.0],1.0,(-0.9999999999999999 0.0 0.0),(0.0 0.9805806756909201 0.19611613513818402),(-0.0 0.19611613513818404 -0.9805806756909202),0.6840402866513374,5,300.0,0.8975983604009242,400.0,3,0,0,0,0,2024-05-30T22:19:25.376773809Z,1389,568146836
/raytracer,400,300,900,500,0,0,false,[0.0 30.0 -200.0],1.0,(-0.9999999999999999 0.0 0.0),(0.0 0.9805806756909201 0.19611613513818402),(-0.0 0.19611613513818404 -0.9805806756909202),0.6840402866513374,5,300.0,0.8975983604009242,400.0,3,0,0,0,0,2024-05-30T22:19:26.391630904Z,1392,935082317
/raytracer,400,300,900,700,0,0,false,[0.0 30.0 -200.0],1.0,(-0.9999999999999999 0.0 0.0),(0.0 0.9805806756909201 0.19611613513818402),(-0.0 0.19611613513818404 -0.9805806756909202),0.6840402866513374,5,300.0,0.8975983604009242,400.0,3,0,0,0,0,2024-05-30T22:19:27.803992694Z,1387,1343390571
/raytracer,400,300,900,900,0,0,false,[0.0 30.0 -200.0],1.0,(-0.9999999999999999 0.0 0.0),(0.0 0.9805806756909201 0.19611613513818402),(-0.0 0.19611613513818404 -0.9805806756909202),0.6840402866513374,5,300.0,0.8975983604009242,400.0,3,0,0,0,0,2024-05-30T22:19:29.632885412Z,1391,1755912088
/raytracer,400,300,100,100,0,0,false,[0.0 30.0 -200.0],1.0,(-0.9999999999999999 0.0 0.0),(0.0 0.9805806756909201 0.19611613513818402),(-0.0 0.19611613513818404 -0.9805806756909202),0.6840402866513374,5,300.0,0.8975983604009242,400.0,3,0,0,0,0,2024-05-30T22:19:29.734430526Z,1385,25123865
/raytracer,400,300,100,300,0,0,false,[0.0 30.0 -200.0],1.0,(-0.9999999999999999 0.0 0.0),(0.0 0.9805806756909201 0.19611613513818402),(-0.0 0.19611613513818404 -0.9805806756909202),0.6840402866513374,5,300.0,0.8975983604009242,400.0,3,0,0,0,0,2024-05-30T22:19:29.861562975Z,1406,66683546
/raytracer,400,300,100,500,0,0,false,[0.0 30.0 -200.0],1.0,(-0.9999999999999999 0.0 0.0),(0.0 0.9805806756909201 0.19611613513818402),(-0.0 0.19611613513818404 -0.9805806756909202),0.6840402866513374,5,300.0,0.8975983604009242,400.0,3,0,0,0,0,2024-05-30T22:19:30.036332814Z,1402,110391982
/raytracer,400,300,100,700,0,0,false,[0.0 30.0 -200.0],1.0,(-0.9999999999999999 0.0 0.0),(0.0 0.9805806756909201 0.19611613513818402),(-0.0 0.19611613513818404 -0.9805806756909202),0.6840402866513374,5,300.0,0.8975983604009242,400.0,3,0,0,0,0,2024-05-30T22:19:30.269238810Z,1390,165723849
/raytracer,400,300,100,900,0,0,false,[0.0 30.0 -200.0],1.0,(-0.9999999999999999 0.0 0.0),(0.0 0.9805806756909201 0.19611613513818402),(-0.0 0.19611613513818404 -0.9805806756909202),0.6840402866513374,5,300.0,0.8975983604009242,400.0,3,0,0,0,0,2024-05-30T22:19:30.535377382Z,1398,193217169
/raytracer,400,300,300,100,0,0,false,[0.0 30.0 -200.0],1.0,(-0.9999999999999999 0.0 0.0),(0.0 0.9805806756909201 0.19611613513818402),(-0.0 0.19611613513818404 -0.9805806756909202),0.6840402866513374,5,300.0,0.8975983604009242,400.0,3,0,0,0,0,2024-05-30T22:19:30.681122198Z,1387,77504705
/raytracer,400,300,300,300,0,0,false,[0.0 30.0 -200.0],1.0,(-0.9999999999999999 0.0 0.0),(0.0 0.9805806756909201 0.19611613513818402),(-0.0 0.19611613513818404 -0.9805806756909202),0.6840402866513374,5,300.0,0.8975983604009242,400.0,3,0,0,0,0,2024-05-30T22:19:30.949123591Z,1392,204376642
/raytracer,400,300,300,500,0,0,false,[0.0 30.0 -200.0],1.0,(-0.9999999999999999 0.0 0.0),(0.0 0.9805806756909201 0.19611613513818402),(-0.0 0.19611613513818404 -0.9805806756909202),0.6840402866513374,5,300.0,0.8975983604009242,400.0,3,0,0,0,0,2024-05-30T22:19:31.345995793Z,1397,335341869
/raytracer,400,300,300,700,0,0,false,[0.0 30.0 -200.0],1.0,(-0.9999999999999999 0.0 0.0),(0.0 0.9805806756909201 0.19611613513818402),(-0.0 0.19611613513818404 -0.9805806756909202),0.6840402866513374,5,300.0,0.8975983604009242,400.0,3,0,0,0,0,2024-05-30T22:19:31.870596193Z,1406,457683303
/raytracer,400,300,300,900,0,0,false,[0.0 30.0 -200.0],1.0,(-0.9999999999999999 0.0 0.0),(0.0 0.9805806756909201 0.19611613513818402),(-0.0 0.19611613513818404 -0.9805806756909202),0.6840402866513374,5,300.0,0.8975983604009242,400.0,3,0,0,0,0,2024-05-30T22:19:32.528579881Z,1401,591720521
/raytracer,400,300,500,100,0,0,false,[0.0 30.0 -200.0],1.0,(-0.9999999999999999 0.0 0.0),(0.0 0.9805806756909201 0.19611613513818402),(-0.0 0.19611613513818404 -0.9805806756909202),0.6840402866513374,5,300.0,0.8975983604009242,400.0,3,0,0,0,0,2024-05-30T22:19:32.714436971Z,1392,110900079
/raytracer,400,300,500,300,0,0,false,[0.0 30.0 -200.0],1.0,(-0.9999999999999999 0.0 0.0),(0.0 0.9805806756909201 0.19611613513818402),(-0.0 0.19611613513818404 -0.9805806756909202),0.6840402866513374,5,300.0,0.8975983604009242,400.0,3,0,0,0,0,2024-05-30T22:19:33.097666119Z,1396,319733605
/raytracer,400,300,500,500,0,0,false,[0.0 30.0 -200.0],1.0,(-0.9999999999999999 0.0 0.0),(0.0 0.9805806756909201 0.19611613513818402),(-0.0 0.19611613513818404 -0.9805806756909202),0.6840402866513374,5,300.0,0.8975983604009242,400.0,3,0,0,0,0,2024-05-30T22:19:33.706379578Z,1392,536855401
/raytracer,400,300,500,700,0,0,false,[0.0 30.0 -200.0],1.0,(-0.9999999999999999 0.0 0.0),(0.0 0.9805806756909201 0.19611613513818402),(-0.0 0.19611613513818404 -0.9805806756909202),0.6840402866513374,5,300.0,0.8975983604009242,400.0,3,0,0,0,0,2024-05-30T22:19:34.523907909Z,1389,749901922
/raytracer,400,300,500,900,0,0,false,[0.0 30.0 -200.0],1.0,(-0.9999999999999999 0.0 0.0),(0.0 0.9805806756909201 0.19611613513818402),(-0.0 0.19611613513818404 -0.9805806756909202),0.6840402866513374,5,300.0,0.8975983604009242,400.0,3,0,0,0,0,2024-05-30T22:19:35.558305899Z,1398,964027774
/raytracer,400,300,700,100,0,0,false,[0.0 30.0 -200.0],1.0,(-0.9999999999999999 0.0 0.0),(0.0 0.9805806756909201 0.19611613513818402),(-0.0 0.19611613513818404 -0.9805806756909202),0.6840402866513374,5,300.0,0.8975983604009242,400.0,3,0,0,0,0,2024-05-30T22:19:35.786829796Z,1390,156717245
/raytracer,400,300,700,300,0,0,false,[0.0 30.0 -200.0],1.0,(-0.9999999999999999 0.0 0.0),(0.0 0.9805806756909201 0.19611613513818402),(-0.0 0.19611613513818404 -0.9805806756909202),0.6840402866513374,5,300.0,0.8975983604009242,400.0,3,0,0,0,0,2024-05-30T22:19:36.311151434Z,1400,451076103
/raytracer,400,300,700,500,0,0,false,[0.0 30.0 -200.0],1.0,(-0.9999999999999999 0.0 0.0),(0.0 0.9805806756909201 0.19611613513818402),(-0.0 0.19611613513818404 -0.9805806756909202),0.6840402866513374,5,300.0,0.8975983604009242,400.0,3,0,0,0,0,2024-05-30T22:19:37.162982854Z,1400,785822691
/raytracer,400,300,700,700,0,0,false,[0.0 30.0 -200.0],1.0,(-0.9999999999999999 0.0 0.0),(0.0 0.9805806756909201 0.19611613513818402),(-0.0 0.19611613513818404 -0.9805806756909202),0.6840402866513374,5,300.0,0.8975983604009242,400.0,3,0,0,0,0,2024-05-30T22:19:38.335526759Z,1395,1100245358
/raytracer,400,300,700,900,0,0,false,[0.0 30.0 -200.0],1.0,(-0.9999999999999999 0.0 0.0),(0.0 0.9805806756909201 0.19611613513818402),(-0.0 0.19611613513818404 -0.9805806756909202),0.6840402866513374,5,300.0,0.8975983604009242,400.0,3,0,0,0,0,2024-05-30T22:19:39.820050951Z,1405,1408812194
/raytracer,400,300,900,100,0,0,false,[0.0 30.0 -200.0],1.0,(-0.9999999999999999 0.0 0.0),(0.0 0.9805806756909201 0.19611613513818402),(-0.0 0.19611613513818404 -0.9805806756909202),0.6840402866513374,5,300.0,0.8975983604009242,400.0,3,0,0,0,0,2024-05-30T22:19:40.090146808Z,1394,194869680
/raytracer,400,300,900,300,0,0,false,[0.0 30.0 -200.0],1.0,(-0.9999999999999999 0.0 0.0),(0.0 0.9805806756909201 0.19611613513818402),(-0.0 0.19611613513818404 -0.9805806756909202),0.6840402866513374,5,300.0,0.8975983604009242,400.0,3,0,0,0,0,2024-05-30T22:19:40.752048992Z,1398,597473489
/raytracer,400,300,900,500,0,0,false,[0.0 30.0 -200.0],1.0,(-0.9999999999999999 0.0 0.0),(0.0 0.9805806756909201 0.19611613513818402),(-0.0 0.19611613513818404 -0.9805806756909202),0.6840402866513374,5,300.0,0.8975983604009242,400.0,3,0,0,0,0,2024-05-30T22:19:41.766608691Z,1393,948349408
/raytracer,400,300,900,700,0,0,false,[0.0 30.0 -200.0],1.0,(-0.9999999999999999 0.0 0.0),(0.0 0.9805806756909201 0.19611613513818402),(-0.0 0.19611613513818404 -0.9805806756909202),0.6840402866513374,5,300.0,0.8975983604009242,400.0,3,0,0,0,0,2024-05-30T22:19:43.216486246Z,1390,1377744256
/raytracer,400,300,900,900,0,0,false,[0.0 30.0 -200.0],1.0,(-0.9999999999999999 0.0 0.0),(0.0 0.9805806756909201 0.19611613513818402),(-0.0 0.19611613513818404 -0.9805806756909202),0.6840402866513374,5,300.0,0.8975983604009242,400.0,3,0,0,0,0,2024-05-30T22:19:45.060478925Z,1385,1766277970
/raytracer,400,300,100,100,0,0,false,[0.0 30.0 -200.0],1.0,(-0.9999999999999999 0.0 0.0),(0.0 0.9805806756909201 0.19611613513818402),(-0.0 0.19611613513818404 -0.9805806756909202),0.6840402866513374,5,300.0,0.8975983604009242,400.0,3,0,0,0,0,2024-05-30T22:19:45.175489044Z,1397,24526714
/raytracer,400,300,100,300,0,0,false,[0.0 30.0 -200.0],1.0,(-0.9999999999999999 0.0 0.0),(0.0 0.9805806756909201 0.19611613513818402),(-0.0 0.19611613513818404 -0.9805806756909202),0.6840402866513374,5,300.0,0.8975983604009242,400.0,3,0,0,0,0,2024-05-30T22:19:45.317776388Z,1389,67764060
/raytracer,400,300,100,500,0,0,false,[0.0 30.0 -200.0],1.0,(-0.9999999999999999 0.0 0.0),(0.0 0.9805806756909201 0.19611613513818402),(-0.0 0.19611613513818404 -0.9805806756909202),0.6840402866513374,5,300.0,0.8975983604009242,400.0,3,0,0,0,0,2024-05-30T22:19:45.488041401Z,1394,107991012
/raytracer,400,300,100,700,0,0,false,[0.0 30.0 -200.0],1.0,(-0.9999999999999999 0.0 0.0),(0.0 0.9805806756909201 0.19611613513818402),(-0.0 0.19611613513818404 -0.9805806756909202),0.6840402866513374,5,300.0,0.8975983604009242,400.0,3,0,0,0,0,2024-05-30T22:19:45.697390195Z,1391,148789621
/raytracer,400,300,100,900,0,0,false,[0.0 30.0 -200.0],1.0,(-0.9999999999999999 0.0 0.0),(0.0 0.9805806756909201 0.19611613513818402),(-0.0 0.19611613513818404 -0.9805806756909202),0.6840402866513374,5,300.0,0.8975983604009242,400.0,3,0,0,0,0,2024-05-30T22:19:45.952057763Z,1402,191240477
/raytracer,400,300,300,100,0,0,false,[0.0 30.0 -200.0],1.0,(-0.9999999999999999 0.0 0.0),(0.0 0.9805806756909201 0.19611613513818402),(-0.0 0.19611613513818404 -0.9805806756909202),0.6840402866513374,5,300.0,0.8975983604009242,400.0,3,0,0,0,0,2024-05-30T22:19:46.091820393Z,1395,65385804
/raytracer,400,300,300,300,0,0,false,[0.0 30.0 -200.0],1.0,(-0.9999999999999999 0.0 0.0),(0.0 0.9805806756909201 0.19611613513818402),(-0.0 0.19611613513818404 -0.9805806756909202),0.6840402866513374,5,300.0,0.8975983604009242,400.0,3,0,0,0,0,2024-05-30T22:19:46.347066877Z,1396,194655323
/raytracer,400,300,300,500,0,0,false,[0.0 30.0 -200.0],1.0,(-0.9999999999999999 0.0 0.0),(0.0 0.9805806756909201 0.19611613513818402),(-0.0 0.19611613513818404 -0.9805806756909202),0.6840402866513374,5,300.0,0.8975983604009242,400.0,3,0,0,0,0,2024-05-30T22:19:46.740532696Z,1387,332323187
/raytracer,400,300,300,700,0,0,false,[0.0 30.0 -200.0],1.0,(-0.9999999999999999 0.0 0.0),(0.0 0.9805806756909201 0.19611613513818402),(-0.0 0.19611613513818404 -0.9805806756909202),0.6840402866513374,5,300.0,0.8975983604009242,400.0,3,0,0,0,0,2024-05-30T22:19:47.260882722Z,1401,447099052
/raytracer,400,300,300,900,0,0,false,[0.0 30.0 -200.0],1.0,(-0.9999999999999999 0.0 0.0),(0.0 0.9805806756909201 0.19611613513818402),(-0.0 0.19611613513818404 -0.9805806756909202),0.6840402866513374,5,300.0,0.8975983604009242,400.0,3,0,0,0,0,2024-05-30T22:19:47.900911372Z,1405,574572236
/raytracer,400,300,500,100,0,0,false,[0.0 30.0 -200.0],1.0,(-0.9999999999999999 0.0 0.0),(0.0 0.9805806756909201 0.19611613513818402),(-0.0 0.19611613513818404 -0.9805806756909202),0.6840402866513374,5,300.0,0.8975983604009242,400.0,3,0,0,0,0,2024-05-30T22:19:48.077145136Z,1388,108979202
/raytracer,400,300,500,300,0,0,false,[0.0 30.0 -200.0],1.0,(-0.9999999999999999 0.0 0.0),(0.0 0.9805806756909201 0.19611613513818402),(-0.0 0.19611613513818404 -0.9805806756909202),0.6840402866513374,5,300.0,0.8975983604009242,400.0,3,0,0,0,0,2024-05-30T22:19:48.459506232Z,1402,321366879
/raytracer,400,300,500,500,0,0,false,[0.0 30.0 -200.0],1.0,(-0.9999999999999999 0.0 0.0),(0.0 0.9805806756909201 0.19611613513818402),(-0.0 0.19611613513818404 -0.9805806756909202),0.6840402866513374,5,300.0,0.8975983604009242,400.0,3,0,0,0,0,2024-05-30T22:19:49.056816455Z,1401,530491125
/raytracer,400,300,500,700,0,0,false,[0.0 30.0 -200.0],1.0,(-0.9999999999999999 0.0 0.0),(0.0 0.9805806756909201 0.19611613513818402),(-0.0 0.19611613513818404 -0.9805806756909202),0.6840402866513374,5,300.0,0.8975983604009242,400.0,3,0,0,0,0,2024-05-30T22:19:49.878572964Z,1397,757452976
/raytracer,400,300,500,900,0,0,false,[0.0 30.0 -200.0],1.0,(-0.9999999999999999 0.0 0.0),(0.0 0.9805806756909201 0.19611613513818402),(-0.0 0.19611613513818404 -0.9805806756909202),0.6840402866513374,5,300.0,0.8975983604009242,400.0,3,0,0,0,0,2024-05-30T22:19:50.948015770Z,1389,995701195
/raytracer,400,300,700,100,0,0,false,[0.0 30.0 -200.0],1.0,(-0.9999999999999999 0.0 0.0),(0.0 0.9805806756909201 0.19611613513818402),(-0.0 0.19611613513818404 -0.9805806756909202),0.6840402866513374,5,300.0,0.8975983604009242,400.0,3,0,0,0,0,2024-05-30T22:19:51.165076420Z,1384,149163266
/raytracer,400,300,700,300,0,0,false,[0.0 30.0 -200.0],1.0,(-0.9999999999999999 0.0 0.0),(0.0 0.9805806756909201 0.19611613513818402),(-0.0 0.19611613513818404 -0.9805806756909202),0.6840402866513374,5,300.0,0.8975983604009242,400.0,3,0,0,0,0,2024-05-30T22:19:51.691682928Z,1384,459368152
/raytracer,400,300,700,500,0,0,false,[0.0 30.0 -200.0],1.0,(-0.9999999999999999 0.0 0.0),(0.0 0.9805806756909201 0.19611613513818402),(-0.0 0.19611613513818404 -0.9805806756909202),0.6840402866513374,5,300.0,0.8975983604009242,400.0,3,0,0,0,0,2024-05-30T22:19:52.499492837Z,1398,746416757
/raytracer,400,300,700,700,0,0,false,[0.0 30.0 -200.0],1.0,(-0.9999999999999999 0.0 0.0),(0.0 0.9805806756909201 0.19611613513818402),(-0.0 0.19611613513818404 -0.9805806756909202),0.6840402866513374,5,300.0,0.8975983604009242,400.0,3,0,0,0,0,2024-05-30T22:19:53.636600915Z,1394,1069019887
/raytracer,400,300,700,900,0,0,false,[0.0 30.0 -200.0],1.0,(-0.9999999999999999 0.0 0.0),(0.0 0.9805806756909201 0.19611613513818402),(-0.0 0.19611613513818404 -0.9805806756909202),0.6840402866513374,5,300.0,0.8975983604009242,400.0,3,0,0,0,0,2024-05-30T22:19:55.100045020Z,1387,1394552732
/raytracer,400,300,900,100,0,0,false,[0.0 30.0 -200.0],1.0,(-0.9999999999999999 0.0 0.0),(0.0 0.9805806756909201 0.19611613513818402),(-0.0 0.19611613513818404 -0.9805806756909202),0.6840402866513374,5,300.0,0.8975983604009242,400.0,3,0,0,0,0,2024-05-30T22:19:55.378963679Z,1398,203761917
/raytracer,400,300,900,300,0,0,false,[0.0 30.0 -200.0],1.0,(-0.9999999999999999 0.0 0.0),(0.0 0.9805806756909201 0.19611613513818402),(-0.0 0.19611613513818404 -0.9805806756909202),0.6840402866513374,5,300.0,0.8975983604009242,400.0,3,0,0,0,0,2024-05-30T22:19:56.008244389Z,1402,564927662
/raytracer,400,300,900,500,0,0,false,[0.0 30.0 -200.0],1.0,(-0.9999999999999999 0.0 0.0),(0.0 0.9805806756909201 0.19611613513818402),(-0.0 0.19611613513818404 -0.9805806756909202),0.6840402866513374,5,300.0,0.8975983604009242,400.0,3,0,0,0,0,2024-05-30T22:19:57.033662745Z,1396,949409683
/raytracer,400,300,900,700,0,0,false,[0.0 30.0 -200.0],1.0,(-0.9999999999999999 0.0 0.0),(0.0 0.9805806756909201 0.19611613513818402),(-0.0 0.19611613513818404 -0.9805806756909202),0.6840402866513374,5,300.0,0.8975983604009242,400.0,3,0,0,0,0,2024-05-30T22:19:58.443129461Z,1390,1336780630
/raytracer,400,300,900,900,0,0,false,[0.0 30.0 -200.0],1.0,(-0.9999999999999999 0.0 0.0),(0.0 0.9805806756909201 0.19611613513818402),(-0.0 0.19611613513818404 -0.9805806756909202),0.6840402866513374,5,300.0,0.8975983604009242,400.0,3,0,0,0,0,2024-05-30T22:20:00.245851706Z,1395,1719966431
/raytracer,400,300,100,100,0,0,false,[0.0 30.0 -200.0],1.0,(-0.9999999999999999 0.0 0.0),(0.0 0.9805806756909201 0.19611613513818402),(-0.0 0.19611613513818404 -0.9805806756909202),0.6840402866513374,5,300.0,0.8975983604009242,400.0,3,0,0,0,0,2024-05-30T22:20:00.350800532Z,1394,24463922
/raytracer,400,300,100,300,0,0,false,[0.0 30.0 -200.0],1.0,(-0.9999999999999999 0.0 0.0),(0.0 0.9805806756909201 0.19611613513818402),(-0.0 0.19611613513818404 -0.9805806756909202),0.6840402866513374,5,300.0,0.8975983604009242,400.0,3,0,0,0,0,2024-05-30T22:20:00.476649601Z,1400,67275926
/raytracer,400,300,100,500,0,0,false,[0.0 30.0 -200.0],1.0,(-0.9999999999999999 0.0 0.0),(0.0 0.9805806756909201 0.19611613513818402),(-0.0 0.19611613513818404 -0.9805806756909202),0.6840402866513374,5,300.0,0.8975983604009242,400.0,3,0,0,0,0,2024-05-30T22:20:00.657288479Z,1398,111120191
/raytracer,400,300,100,700,0,0,false,[0.0 30.0 -200.0],1.0,(-0.9999999999999999 0.0 0.0),(0.0 0.9805806756909201 0.19611613513818402),(-0.0 0.19611613513818404 -0.9805806756909202),0.6840402866513374,5,300.0,0.8975983604009242,400.0,3,0,0,0,0,2024-05-30T22:20:00.869427287Z,1406,150299790
/raytracer,400,300,100,900,0,0,false,[0.0 30.0 -200.0],1.0,(-0.9999999999999999 0.0 0.0),(0.0 0.9805806756909201 0.19611613513818402),(-0.0 0.19611613513818404 -0.9805806756909202),0.6840402866513374,5,300.0,0.8975983604009242,400.0,3,0,0,0,0,2024-05-30T22:20:01.129457205Z,1401,196308942
/raytracer,400,300,300,100,0,0,false,[0.0 30.0 -200.0],1.0,(-0.9999999999999999 0.0 0.0),(0.0 0.9805806756909201 0.19611613513818402),(-0.0 0.19611613513818404 -0.9805806756909202),0.6840402866513374,5,300.0,0.8975983604009242,400.0,3,0,0,0,0,2024-05-30T22:20:01.271528158Z,1397,68457090
/raytracer,400,300,300,300,0,0,false,[0.0 30.0 -200.0],1.0,(-0.9999999999999999 0.0 0.0),(0.0 0.9805806756909201 0.19611613513818402),(-0.0 0.19611613513818404 -0.9805806756909202),0.6840402866513374,5,300.0,0.8975983604009242,400.0,3,0,0,0,0,2024-05-30T22:20:01.546256640Z,1395,203795429
/raytracer,400,300,300,500,0,0,false,[0.0 30.0 -200.0],1.0,(-0.9999999999999999 0.0 0.0),(0.0 0.9805806756909201 0.19611613513818402),(-0.0 0.19611613513818404 -0.9805806756909202),0.6840402866513374,5,300.0,0.8975983604009242,400.0,3,0,0,0,0,2024-05-30T22:20:01.957206752Z,1396,339000370
/raytracer,400,300,300,700,0,0,false,[0.0 30.0 -200.0],1.0,(-0.9999999999999999 0.0 0.0),(0.0 0.9805806756909201 0.19611613513818402),(-0.0 0.19611613513818404 -0.9805806756909202),0.6840402866513374,5,300.0,0.8975983604009242,400.0,3,0,0,0,0,2024-05-30T22:20:02.501952740Z,1393,473433275
/raytracer,400,300,300,900,0,0,false,[0.0 30.0 -200.0],1.0,(-0.9999999999999999 0.0 0.0),(0.0 0.9805806756909201 0.19611613513818402),(-0.0 0.19611613513818404 -0.9805806756909202),0.6840402866513374,5,300.0,0.8975983604009242,400.0,3,0,0,0,0,2024-05-30T22:20:03.158934500Z,1389,592422753
/raytracer,400,300,500,100,0,0,false,[0.0 30.0 -200.0],1.0,(-0.9999999999999999 0.0 0.0),(0.0 0.9805806756909201 0.19611613513818402),(-0.0 0.19611613513818404 -0.9805806756909202),0.6840402866513374,5,300.0,0.8975983604009242,400.0,3,0,0,0,0,2024-05-30T22:20:03.340799447Z,1391,113627162
/raytracer,400,300,500,300,0,0,false,[0.0 30.0 -200.0],1.0,(-0.9999999999999999 0.0 0.0),(0.0 0.9805806756909201 0.19611613513818402),(-0.0 0.19611613513818404 -0.9805806756909202),0.6840402866513374,5,300.0,0.8975983604009242,400.0,3,0,0,0,0,2024-05-30T22:20:03.742819572Z,1400,329346824
/raytracer,400,300,500,500,0,0,false,[0.0 30.0 -200.0],1.0,(-0.9999999999999999 0.0 0.0),(0.0 0.9805806756909201 0.19611613513818402),(-0.0 0.19611613513818404 -0.9805806756909202),0.6840402866513374,5,300.0,0.8975983604009242,400.0,3,0,0,0,0,2024-05-30T22:20:04.350519872Z,1404,539340990
/raytracer,400,300,500,700,0,0,false,[0.0 30.0 -200.0],1.0,(-0.9999999999999999 0.0 0.0),(0.0 0.9805806756909201 0.19611613513818402),(-0.0 0.19611613513818404 -0.9805806756909202),0.6840402866513374,5,300.0,0.8975983604009242,400.0,3,0,0,0,0,2024-05-30T22:20:05.165002029Z,1392,752070509
/raytracer,400,300,500,900,0,0,false,[0.0 30.0 -200.0],1.0,(-0.9999999999999999 0.0 0.0),(0.0 0.9805806756909201 0.19611613513818402),(-0.0 0.19611613513818404 -0.9805806756909202),0.6840402866513374,5,300.0,0.8975983604009242,400.0,3,0,0,0,0,2024-05-30T22:20:06.193699933Z,1397,958952234
/raytracer,400,300,700,100,0,0,false,[0.0 30.0 -200.0],1.0,(-0.9999999999999999 0.0 0.0),(0.0 0.9805806756909201 0.19611613513818402),(-0.0 0.19611613513818404 -0.9805806756909202),0.6840402866513374,5,300.0,0.8975983604009242,400.0,3,0,0,0,0,2024-05-30T22:20:06.417892872Z,1396,150144593
/raytracer,400,300,700,300,0,0,false,[0.0 30.0 -200.0],1.0,(-0.9999999999999999 0.0 0.0),(0.0 0.9805806756909201 0.19611613513818402),(-0.0 0.19611613513818404 -0.9805806756909202),0.6840402866513374,5,300.0,0.8975983604009242,400.0,3,0,0,0,0,2024-05-30T22:20:06.936229964Z,1397,447761143
/raytracer,400,300,700,500,0,0,false,[0.0 30.0 -200.0],1.0,(-0.9999999999999999 0.0 0.0),(0.0 0.9805806756909201 0.19611613513818402),(-0.0 0.19611613513818404 -0.9805806756909202),0.6840402866513374,5,300.0,0.8975983604009242,400.0,3,0,0,0,0,2024-05-30T22:20:07.767438035Z,1398,766156612
/raytracer,400,300,700,700,0,0,false,[0.0 30.0 -200.0],1.0,(-0.9999999999999999 0.0 0.0),(0.0 0.9805806756909201 0.19611613513818402),(-0.0 0.19611613513818404 -0.9805806756909202),0.6840402866513374,5,300.0,0.8975983604009242,400.0,3,0,0,0,0,2024-05-30T22:20:08.901407054Z,1387,1066857576
/raytracer,400,300,700,900,0,0,false,[0.0 30.0 -200.0],1.0,(-0.9999999999999999 0.0 0.0),(0.0 0.9805806756909201 0.19611613513818402),(-0.0 0.19611613513818404 -0.9805806756909202),0.6840402866513374,5,300.0,0.8975983604009242,400.0,3,0,0,0,0,2024-05-30T22:20:10.341721223Z,1377,1365860114
/raytracer,400,300,900,100,0,0,false,[0.0 30.0 -200.0],1.0,(-0.9999999999999999 0.0 0.0),(0.0 0.9805806756909201 0.19611613513818402),(-0.0 0.19611613513818404 -0.9805806756909202),0.6840402866513374,5,300.0,0.8975983604009242,400.0,3,0,0,0,0,2024-05-30T22:20:10.607346638Z,1393,190285696
/raytracer,400,300,900,300,0,0,false,[0.0 30.0 -200.0],1.0,(-0.9999999999999999 0.0 0.0),(0.0 0.9805806756909201 0.19611613513818402),(-0.0 0.19611613513818404 -0.9805806756909202),0.6840402866513374,5,300.0,0.8975983604009242,400.0,3,0,0,0,0,2024-05-30T22:20:11.243314337Z,1391,571517790
/raytracer,400,300,900,500,0,0,false,[0.0 30.0 -200.0],1.0,(-0.9999999999999999 0.0 0.0),(0.0 0.9805806756909201 0.19611613513818402),(-0.0 0.19611613513818404 -0.9805806756909202),0.6840402866513374,5,300.0,0.8975983604009242,400.0,3,0,0,0,0,2024-05-30T22:20:12.300652507Z,1396,984880545
/raytracer,400,300,900,700,0,0,false,[0.0 30.0 -200.0],1.0,(-0.9999999999999999 0.0 0.0),(0.0 0.9805806756909201 0.19611613513818402),(-0.0 0.19611613513818404 -0.9805806756909202),0.6840402866513374,5,300.0,0.8975983604009242,400.0,3,0,0,0,0,2024-05-30T22:20:13.765263911Z,1403,1395812235
/raytracer,400,300,900,900,0,0,false,[0.0 30.0 -200.0],1.0,(-0.9999999999999999 0.0 0.0),(0.0 0.9805806756909201 0.19611613513818402),(-0.0 0.19611613513818404 -0.9805806756909202),0.6840402866513374,5,300.0,0.8975983604009242,400.0,3,0,0,0,0,2024-05-30T22:20:15.614136275Z,1387,1774289943
/raytracer,400,300,100,100,0,0,false,[0.0 30.0 -200.0],1.0,(-0.9999999999999999 0.0 0.0),(0.0 0.9805806756909201 0.19611613513818402),(-0.0 0.19611613513818404 -0.9805806756909202),0.6840402866513374,5,300.0,0.8975983604009242,400.0,3,0,0,0,0,2024-05-30T22:20:15.715473496Z,1403,24148862
/raytracer,400,300,100,300,0,0,false,[0.0 30.0 -200.0],1.0,(-0.9999999999999999 0.0 0.0),(0.0 0.9805806756909201 0.19611613513818402),(-0.0 0.19611613513818404 -0.9805806756909202),0.6840402866513374,5,300.0,0.8975983604009242,400.0,3,0,0,0,0,2024-05-30T22:20:15.840761927Z,1390,65693860
/raytracer,400,300,100,500,0,0,false,[0.0 30.0 -200.0],1.0,(-0.9999999999999999 0.0 0.0),(0.0 0.9805806756909201 0.19611613513818402),(-0.0 0.19611613513818404 -0.9805806756909202),0.6840402866513374,5,300.0,0.8975983604009242,400.0,3,0,0,0,0,2024-05-30T22:20:16.025316743Z,1388,108946768
/raytracer,400,300,100,700,0,0,false,[0.0 30.0 -200.0],1.0,(-0.9999999999999999 0.0 0.0),(0.0 0.9805806756909201 0.19611613513818402),(-0.0 0.19611613513818404 -0.9805806756909202),0.6840402866513374,5,300.0,0.8975983604009242,400.0,3,0,0,0,0,2024-05-30T22:20:16.247367194Z,1381,153590437
/raytracer,400,300,100,900,0,0,false,[0.0 30.0 -200.0],1.0,(-0.9999999999999999 0.0 0.0),(0.0 0.9805806756909201 0.19611613513818402),(-0.0 0.19611613513818404 -0.9805806756909202),0.6840402866513374,5,300.0,0.8975983604009242,400.0,3,0,0,0,0,2024-05-30T22:20:16.511088916Z,1391,199533095
/raytracer,400,300,300,100,0,0,false,[0.0 30.0 -200.0],1.0,(-0.9999999999999999 0.0 0.0),(0.0 0.9805806756909201 0.19611613513818402),(-0.0 0.19611613513818404 -0.9805806756909202),0.6840402866513374,5,300.0,0.8975983604009242,400.0,3,0,0,0,0,2024-05-30T22:20:16.642321165Z,1391,68785687
/raytracer,400,300,300,300,0,0,false,[0.0 30.0 -200.0],1.0,(-0.9999999999999999 0.0 0.0),(0.0 0.9805806756909201 0.19611613513818402),(-0.0 0.19611613513818404 -0.9805806756909202),0.6840402866513374,5,300.0,0.8975983604009242,400.0,3,0,0,0,0,2024-05-30T22:20:16.897524138Z,1391,197814915
/raytracer,400,300,300,500,0,0,false,[0.0 30.0 -200.0],1.0,(-0.9999999999999999 0.0 0.0),(0.0 0.9805806756909201 0.19611613513818402),(-0.0 0.19611613513818404 -0.9805806756909202),0.6840402866513374,5,300.0,0.8975983604009242,400.0,3,0,0,0,0,2024-05-30T22:20:17.295134332Z,1392,337860224
/raytracer,400,300,300,700,0,0,false,[0.0 30.0 -200.0],1.0,(-0.9999999999999999 0.0 0.0),(0.0 0.9805806756909201 0.19611613513818402),(-0.0 0.19611613513818404 -0.9805806756909202),0.6840402866513374,5,300.0,0.8975983604009242,400.0,3,0,0,0,0,2024-05-30T22:20:17.817621864Z,1397,462618483
/raytracer,400,300,300,900,0,0,false,[0.0 30.0 -200.0],1.0,(-0.9999999999999999 0.0 0.0),(0.0 0.9805806756909201 0.19611613513818402),(-0.0 0.19611613513818404 -0.9805806756909202),0.6840402866513374,5,300.0,0.8975983604009242,400.0,3,0,0,0,0,2024-05-30T22:20:18.463720499Z,1404,582221992
/raytracer,400,300,500,100,0,0,false,[0.0 30.0 -200.0],1.0,(-0.9999999999999999 0.0 0.0),(0.0 0.9805806756909201 0.19611613513818402),(-0.0 0.19611613513818404 -0.9805806756909202),0.6840402866513374,5,300.0,0.8975983604009242,400.0,3,0,0,0,0,2024-05-30T22:20:18.649857786Z,1388,109073389
/raytracer,400,300,500,300,0,0,false,[0.0 30.0 -200.0],1.0,(-0.9999999999999999 0.0 0.0),(0.0 0.9805806756909201 0.19611613513818402),(-0.0 0.19611613513818404 -0.9805806756909202),0.6840402866513374,5,300.0,0.8975983604009242,400.0,3,0,0,0,0,2024-05-30T22:20:19.045370974Z,1387,336160409
/raytracer,400,300,500,500,0,0,false,[0.0 30.0 -200.0],1.0,(-0.9999999999999999 0.0 0.0),(0.0 0.9805806756909201 0.19611613513818402),(-0.0 0.19611613513818404 -0.9805806756909202),0.6840402866513374,5,300.0,0.8975983604009242,400.0,3,0,0,0,0,2024-05-30T22:20:19.653404126Z,1395,544063062
/raytracer,400,300,500,700,0,0,false,[0.0 30.0 -200.0],1.0,(-0.9999999999999999 0.0 0.0),(0.0 0.9805806756909201 0.19611613513818402),(-0.0 0.19611613513818404 -0.9805806756909202),0.6840402866513374,5,300.0,0.8975983604009242,400.0,3,0,0,0,0,2024-05-30T22:20:20.463856229Z,1395,742367699
/raytracer,400,300,500,900,0,0,false,[0.0 30.0 -200.0],1.0,(-0.9999999999999999 0.0 0.0),(0.0 0.9805806756909201 0.19611613513818402),(-0.0 0.19611613513818404 -0.9805806756909202),0.6840402866513374,5,300.0,0.8975983604009242,400.0,3,0,0,0,0,2024-05-30T22:20:21.493061953Z,1389,959501480
/raytracer,400,300,700,100,0,0,false,[0.0 30.0 -200.0],1.0,(-0.9999999999999999 0.0 0.0),(0.0 0.9805806756909201 0.19611613513818402),(-0.0 0.19611613513818404 -0.9805806756909202),0.6840402866513374,5,300.0,0.8975983604009242,400.0,3,0,0,0,0,2024-05-30T22:20:21.717778397Z,1396,154046008
/raytracer,400,300,700,300,0,0,false,[0.0 30.0 -200.0],1.0,(-0.9999999999999999 0.0 0.0),(0.0 0.9805806756909201 0.19611613513818402),(-0.0 0.19611613513818404 -0.9805806756909202),0.6840402866513374,5,300.0,0.8975983604009242,400.0,3,0,0,0,0,2024-05-30T22:20:22.238951904Z,1393,459024125
/raytracer,400,300,700,500,0,0,false,[0.0 30.0 -200.0],1.0,(-0.9999999999999999 0.0 0.0),(0.0 0.9805806756909201 0.19611613513818402),(-0.0 0.19611613513818404 -0.9805806756909202),0.6840402866513374,5,300.0,0.8975983604009242,400.0,3,0,0,0,0,2024-05-30T22:20:23.070358075Z,1393,768814549
/raytracer,400,300,700,700,0,0,false,[0.0 30.0 -200.0],1.0,(-0.9999999999999999 0.0 0.0),(0.0 0.9805806756909201 0.19611613513818402),(-0.0 0.19611613513818404 -0.9805806756909202),0.6840402866513374,5,300.0,0.8975983604009242,400.0,3,0,0,0,0,2024-05-30T22:20:24.199371802Z,1396,1060372128
/raytracer,400,300,700,900,0,0,false,[0.0 30.0 -200.0],1.0,(-0.9999999999999999 0.0 0.0),(0.0 0.9805806756909201 0.19611613513818402),(-0.0 0.19611613513818404 -0.9805806756909202),0.6840402866513374,5,300.0,0.8975983604009242,400.0,3,0,0,0,0,2024-05-30T22:20:25.659106975Z,1398,1387456981
/raytracer,400,300,900,100,0,0,false,[0.0 30.0 -200.0],1.0,(-0.9999999999999999 0.0 0.0),(0.0 0.9805806756909201 0.19611613513818402),(-0.0 0.19611613513818404 -0.9805806756909202),0.6840402866513374,5,300.0,0.8975983604009242,400.0,3,0,0,0,0,2024-05-30T22:20:25.921857246Z,1393,189255923
/raytracer,400,300,900,300,0,0,false,[0.0 30.0 -200.0],1.0,(-0.9999999999999999 0.0 0.0),(0.0 0.9805806756909201 0.19611613513818402),(-0.0 0.19611613513818404 -0.9805806756909202),0.6840402866513374,5,300.0,0.8975983604009242,400.0,3,0,0,0,0,2024-05-30T22:20:26.564303038Z,1394,579515301
/raytracer,400,300,900,500,0,0,false,[0.0 30.0 -200.0],1.0,(-0.9999999999999999 0.0 0.0),(0.0 0.9805806756909201 0.19611613513818402),(-0.0 0.19611613513818404 -0.9805806756909202),0.6840402866513374,5,300.0,0.8975983604009242,400.0,3,0,0,0,0,2024-05-30T22:20:27.607433422Z,1399,978985204
/raytracer,400,300,900,700,0,0,false,[0.0 30.0 -200.0],1.0,(-0.9999999999999999 0.0 0.0),(0.0 0.9805806756909201 0.19611613513818402),(-0.0 0.19611613513818404 -0.9805806756909202),0.6840402866513374,5,300.0,0.8975983604009242,400.0,3,0,0,0,0,2024-05-30T22:20:29.014971775Z,1398,1335654420
/raytracer,400,300,900,900,0,0,false,[0.0 30.0 -200.0],1.0,(-0.9999999999999999 0.0 0.0),(0.0 0.9805806756909201 0.19611613513818402),(-0.0 0.19611613513818404 -0.9805806756909202),0.6840402866513374,5,300.0,0.8975983604009242,400.0,3,0,0,0,0,2024-05-30T22:20:30.801636897Z,1391,1713753327
/raytracer,400,300,100,100,0,0,false,[0.0 30.0 -200.0],1.0,(-0.9999999999999999 0.0 0.0),(0.0 0.9805806756909201 0.19611613513818402),(-0.0 0.19611613513818404 -0.9805806756909202),0.6840402866513374,5,300.0,0.8975983604009242,400.0,3,0,0,0,0,2024-05-30T22:20:30.905944547Z,1391,24761442
/raytracer,400,300,100,300,0,0,false,[0.0 30.0 -200.0],1.0,(-0.9999999999999999 0.0 0.0),(0.0 0.9805806756909201 0.19611613513818402),(-0.0 0.19611613513818404 -0.9805806756909202),0.6840402866513374,5,300.0,0.8975983604009242,400.0,3,0,0,0,0,2024-05-30T22:20:31.030797428Z,1393,66427399
/raytracer,400,300,100,500,0,0,false,[0.0 30.0 -200.0],1.0,(-0.9999999999999999 0.0 0.0),(0.0 0.9805806756909201 0.19611613513818402),(-0.0 0.19611613513818404 -0.9805806756909202),0.6840402866513374,5,300.0,0.8975983604009242,400.0,3,0,0,0,0,2024-05-30T22:20:31.211056806Z,1395,119572488
/raytracer,400,300,100,700,0,0,false,[0.0 30.0 -200.0],1.0,(-0.9999999999999999 0.0 0.0),(0.0 0.9805806756909201 0.19611613513818402),(-0.0 0.19611613513818404 -0.9805806756909202),0.6840402866513374,5,300.0,0.8975983604009242,400.0,3,0,0,0,0,2024-05-30T22:20:31.425907165Z,1396,156215911
/raytracer,400,300,100,900,0,0,false,[0.0 30.0 -200.0],1.0,(-0.9999999999999999 0.0 0.0),(0.0 0.9805806756909201 0.19611613513818402),(-0.0 0.19611613513818404 -0.9805806756909202),0.6840402866513374,5,300.0,0.8975983604009242,400.0,3,0,0,0,0,2024-05-30T22:20:31.680468049Z,1392,194173476
/raytracer,400,300,300,100,0,0,false,[0.0 30.0 -200.0],1.0,(-0.9999999999999999 0.0 0.0),(0.0 0.9805806756909201 0.19611613513818402),(-0.0 0.19611613513818404 -0.9805806756909202),0.6840402866513374,5,300.0,0.8975983604009242,400.0,3,0,0,0,0,2024-05-30T22:20:31.821760508Z,1398,68387090
/raytracer,400,300,300,300,0,0,false,[0.0 30.0 -200.0],1.0,(-0.9999999999999999 0.0 0.0),(0.0 0.9805806756909201 0.19611613513818402),(-0.0 0.19611613513818404 -0.9805806756909202),0.6840402866513374,5,300.0,0.8975983604009242,400.0,3,0,0,0,0,2024-05-30T22:20:32.085625650Z,1390,202963907
/raytracer,400,300,300,500,0,0,false,[0.0 30.0 -200.0],1.0,(-0.9999999999999999 0.0 0.0),(0.0 0.9805806756909201 0.19611613513818402),(-0.0 0.19611613513818404 -0.9805806756909202),0.6840402866513374,5,300.0,0.8975983604009242,400.0,3,0,0,0,0,2024-05-30T22:20:32.479300553Z,1391,333350143
/raytracer,400,300,300,700,0,0,false,[0.0 30.0 -200.0],1.0,(-0.9999999999999999 0.0 0.0),(0.0 0.9805806756909201 0.19611613513818402),(-0.0 0.19611613513818404 -0.9805806756909202),0.6840402866513374,5,300.0,0.8975983604009242,400.0,3,0,0,0,0,2024-05-30T22:20:33.035218644Z,1393,492800847
/raytracer,400,300,300,900,0,0,false,[0.0 30.0 -200.0],1.0,(-0.9999999999999999 0.0 0.0),(0.0 0.9805806756909201 0.19611613513818402),(-0.0 0.19611613513818404 -0.9805806756909202),0.6840402866513374,5,300.0,0.8975983604009242,400.0,3,0,0,0,0,2024-05-30T22:20:33.704620688Z,1399,604323990
/raytracer,400,300,500,100,0,0,false,[0.0 30.0 -200.0],1.0,(-0.9999999999999999 0.0 0.0),(0.0 0.9805806756909201 0.19611613513818402),(-0.0 0.19611613513818404 -0.9805806756909202),0.6840402866513374,5,300.0,0.8975983604009242,400.0,3,0,0,0,0,2024-05-30T22:20:33.880939308Z,1394,108767956
/raytracer,400,300,500,300,0,0,false,[0.0 30.0 -200.0],1.0,(-0.9999999999999999 0.0 0.0),(0.0 0.9805806756909201 0.19611613513818402),(-0.0 0.19611613513818404 -0.9805806756909202),0.6840402866513374,5,300.0,0.8975983604009242,400.0,3,0,0,0,0,2024-05-30T22:20:34.285986619Z,1391,341602369
